     Alpha                Alpha                Alpha                Alpha                Alpha           
            0        0.07653783              0        0.05151161              0        0.04148746              0       0.005655974              1       0.005213421  
            1         0.0777864              1        0.05321603              1        0.04349524              1       0.005493128              2       0.005103219  
            2         0.0799377              2        0.05585976              2        0.04648053              2       0.005793388              3       0.005167423  
            3        0.08300577              3        0.05948391              3        0.05047249              4       0.006949421              4       0.005730912  
            4        0.08703038              4        0.06414569              4        0.05552332              5        0.00775989              5       0.006780358  
            5        0.09205984              5        0.06991422              5        0.06171124              6       0.009057759              6       0.007914913  
            6        0.09813557              6        0.07687718              6        0.06913116              7        0.01071091              7       0.008975348  
            7         0.1052775              7        0.08510486              7        0.07789491              8        0.01232607              8        0.01000875  
            8          0.113475              8        0.09461669              8        0.08807041              9        0.01395978              9        0.01109906  
            9         0.1226817              9         0.1053319              9         0.0995945             10        0.01577558             10        0.01226159  
           10         0.1327759             10         0.1170292             10         0.1122546             11        0.01769264             11        0.01359268  
           11         0.1435772             11         0.1294626             11         0.1257145             12        0.02004233             12        0.01506196  
           12         0.1548923             12         0.1424167             12         0.1396317             13        0.02329236             13        0.01681426  
           13         0.1665906             13         0.1556395             13         0.1537842             14        0.02803074             14        0.01890335  
           14         0.1785367             14         0.1690323             14         0.1680588             15        0.03447868             15         0.0218163  
           15          0.190648             15         0.1825695             15         0.1824341             16         0.0449056             16        0.02591938  
           16         0.2028892             16         0.1962327             16         0.2090907             17         0.0578641             17        0.03197153  
           17         0.2152548             17         0.2100291             17         0.2255234             18        0.07593305             18        0.04001657  
           18         0.2277332             18         0.2239685             18         0.2395301             19        0.09927268             19        0.05172813  
           19         0.2403389             19         0.2380426             19         0.2536613             20         0.1220426             20        0.06935106  
           20         0.2530679             20         0.2522399             20         0.2678695             21          0.145203             21        0.09062059  
           21         0.2659023             21         0.2665675             21         0.2798266             22          0.167652             22          0.116484  
           22         0.2788512             22         0.2878578             22         0.2932518             23         0.1886251             23          0.146332  
           23         0.2919082             23         0.3065851             23         0.3056977             24         0.2128622             24         0.1798316  
           24         0.3050951             24         0.3185855             24         0.3165887                                              25         0.2122967  
           25         0.3183974             25          0.333298             25         0.3326606                                              26          0.238628  
           26         0.3317621             26         0.3476685             26         0.3397706                                              27         0.2601225  
           27         0.3451955             27         0.3556981             27          0.349552                                              28         0.2799021  
           28         0.3586865             28         0.3701133             28         0.3597372                                              29         0.3016742  
           29         0.3722295             29         0.3812174             29         0.3704066                                                                    
           30         0.3858094             30         0.3895991             30         0.3842283                                                                    
           31         0.3994176             31         0.4036851             31         0.3881724                                                                    
           32         0.4131418             32         0.4096867             32         0.4013889                                                                    
           33         0.4271341             33          0.419371             33         0.4051023                                                                    
           34         0.4411403             34         0.4283578             34          0.413829                                                                    
           35          0.455149             35         0.4362612             35          0.424991                                                                    
           36           0.46915             36         0.4461546             36         0.4246053                                                                    
           37         0.4831212             37         0.4577634             37         0.4357719                                                                    
           38         0.4970522                                              38         0.4466884                                                                    
           39         0.5111848                                              39         0.4574623                                                                    
                                                                             40         0.4683306                                                                    

